
Nifty_1Hr_OBV_DIV								 
================= 


BN_1Hr_OBV_DIV								 
============== 


Intraday_Buy_PSAR								 
================= 
nsecode		per_chg		close		volume
DABUR		6.46		580.0		17457134
HINDUNILVR		6.15		2500.85		7824419
COLPAL		4.53		2809.0		1058696
GODREJCP		3.1		1347.0		2052718
MARICO		3.08		612.4		9095408
PIDILITIND		3.05		3075.5		712896
MCDOWELL-N		2.45		1210.05		2908846
INDIGO		-4.96		4085.0		1977016

Intraday_Volume_Shocker								 
======================= 
nsecode		per_chg		close		volume
TATASTEEL		-8.35		159.7		125022881
IDFCFIRSTB		-6.4		73.1		93948329
ZEEL		-10.43		140.0		31732144
VEDL		-8.27		420.0		30795820
BHARTIARTL		-7.13		1291.95		19922024
RELIANCE		-6.76		2816.45		18350199
INFY		-0.3		1401.7		13733205
EXIDEIND		-9.49		457.0		10981533
LT		-12.37		3415.0		9919788
CUB		-6.96		136.95		9877146
INDHOTEL		-6.94		536.5		7888421
M&M		-1.61		2591.55		6371024
BERGEPAINT		-2.86		458.3		4981157
JSWSTEEL		-7.14		849.95		4021715
APOLLOTYRE		-5.09		452.4		3876929
TCS		0.53		3722.3		3394973
CHAMBLFERT		-13.04		354.0		3350048
TITAN		-0.04		3260.0		2934453
TECHM		0.21		1247.95		2471309
GRANULES		-6.87		410.8		2143323
AARTIIND		-4.13		599.45		1875696
GNFC		-6.88		617.3		1692127
RAMCOCEM		-4.97		734.9		1520151
PERSISTENT		-2.04		3356.0		1165302
BALKRISIND		-5.45		2883.55		1011304
VOLTAS		-3.3		1359.95		986567
MGL		-7.47		1275.6		983214
UBL		1.26		1900.0		910986
ASTRAL		-6.34		2010.0		871164
PIDILITIND		3.05		3075.5		712896
DEEPAKNTR		-4.82		2136.4		696688
PVRINOX		-4.4		1270.0		683732
LTIM		-0.42		4630.0		683667
DRREDDY		-0.37		5761.95		657343
METROPOLIS		-2.18		1880.0		223681
BOSCHLTD		-3.3		29000.0		72948
ABBOTINDIA		1.61		26360.0		31588
NIFTY		-5.45		21995.85		0
BANKNIFTY		-7.42		47197.25		0

High_Relative_Volume_Spurt_5m								 
============================= 


Open_High								 
========= 
nsecode		per_chg		close		volume
HCLTECH		0.42		1319.95		5446571
NAUKRI		-0.95		5660.9		381368
WIPRO		-0.99		439.7		8861081
LTTS		-1.08		4432.95		434924
LALPATHLAB		-1.23		2641.25		241428
TRENT		-1.58		4588.5		1175129
ALKEM		-1.91		4729.8		439244
METROPOLIS		-2.18		1880.0		223681
BATAINDIA		-2.23		1337.95		810089
AUBANK		-2.57		628.0		3575016
HDFCLIFE		-2.65		535.55		9782653
BERGEPAINT		-2.86		458.3		4981157
SRF		-3.09		2195.5		544000
OFSS		-3.22		7320.0		280033
MRF		-3.32		122754.95		19730
SBICARD		-3.5		680.5		3672516
COROMANDEL		-3.6		1293.0		981270
AARTIIND		-4.13		599.45		1875696
PVRINOX		-4.4		1270.0		683732
MOTHERSON		-4.52		142.7		50140285
ATUL		-4.59		5486.05		61470
TATAMOTORS		-4.79		904.95		26548729
INDIGO		-4.96		4085.0		1977016
BAJFINANCE		-5.29		6550.0		3299175
UPL		-5.39		499.7		4203117
NIFTY		-5.45		21995.85		0
BIOCON		-5.72		291.95		17867622
TATACHEM		-5.83		999.0		1950264
TATACOMM		-6.27		1664.0		888930
ASTRAL		-6.34		2010.0		871164
LTF		-6.39		149.5		12465505
RELIANCE		-6.76		2816.45		18350199
GNFC		-6.88		617.3		1692127
MANAPPURAM		-6.89		161.5		15887478
CUB		-6.96		136.95		9877146
OBEROIRLTY		-6.97		1752.55		1025676
AXISBANK		-7.02		1138.0		24134210
JSWSTEEL		-7.14		849.95		4021715
CANFINHOME		-7.2		698.0		1127655
BANKNIFTY		-7.42		47197.25		0
IDFC		-7.43		107.8		20331562
HINDALCO		-7.46		644.0		24244946
MGL		-7.47		1275.6		983214
PEL		-7.62		755.0		2259558
IEX		-7.64		145.75		21678105
NAVINFLUOR		-7.97		3040.0		454740
VEDL		-8.27		420.0		30795820
DALBHARAT		-8.42		1701.5		1010569
ABFRL		-8.71		267.3		10436441
BANDHANBNK		-8.74		178.0		23180293
SHRIRAMFIN		-9.13		2280.0		3557507
EXIDEIND		-9.49		457.0		10981533
DIXON		-9.84		8913.0		838001
ABCAPITAL		-10.09		206.4		18089713
TATAPOWER		-11.18		405.5		58984071
ASHOKLEY		-11.21		210.0		45844268
NMDC		-11.25		237.75		32014829
IOC		-11.55		155.05		88980454
SIEMENS		-11.63		6428.0		1238861
MCX		-11.74		3219.0		2682816
DLF		-11.81		766.5		12437334
PETRONET		-11.92		279.0		13034991
POWERGRID		-11.98		297.2		73257109
BPCL		-12.11		585.5		22871512
ABB		-12.24		7660.0		1346345
GODREJPROP		-12.3		2600.0		1111523
IRCTC		-12.31		924.5		11463522
GMRINFRA		-13.08		76.75		115213372
SBIN		-13.42		784.1		122371366
CANBK		-13.45		111.0		200170489
INDIACEM		-14.28		184.85		7459734
NTPC		-14.52		334.9		84026784
LICHSGFIN		-14.77		580.4		10513807
ACC		-15.01		2280.0		1494728
INDUSTOWER		-15.37		308.05		28901177
PNB		-15.44		115.85		169628129
BANKBARODA		-15.74		250.2		84875771
GAIL		-16.16		193.5		144631754
ONGC		-16.23		238.0		72775135
IDEA		-16.88		13.3		3008860561
HAL		-17.04		4375.0		15484590
NATIONALUM		-17.76		161.35		68754332
HINDCOPPER		-18.49		302.0		35049650
SAIL		-18.85		135.0		114519803
BHEL		-18.88		252.65		122741644
ADANIENT		-19.07		2950.0		20305485
CONCOR		-19.11		949.9		11524783
BEL		-19.21		257.45		267994541
ADANIPORTS		-21.4		1245.0		52089986
PFC		-21.62		434.85		108804132
RECLTD		-24.07		459.0		103890653

Open_Low								 
======== 

